3.749190463643976112e-16
4.203138975905294505e-01
5.262780205799196809e-01
6.107116222521548066e-01
6.744728974121078080e-01
6.953079777953781182e-01
7.886686547362353750e-01
8.431336631488859368e-01
8.961773951314108144e-01
9.365950737703392370e-01
1.010550341045521883e+00
1.023881624662455803e+00
1.088353650474108036e+00
1.098884278522938240e+00
1.158470466988890557e+00
1.196459757032897420e+00
1.225462607557929129e+00
1.262689190780866166e+00
1.320764493248975491e+00
1.330770219252205289e+00
1.387169906711676060e+00
1.390138608334940074e+00
1.440030982890430966e+00
1.484129703342543127e+00
1.497046473207883865e+00
1.529405859670393442e+00
1.578886247585716385e+00
1.574670325479620381e+00
1.598919475148622427e+00
1.652677660289314732e+00
