3.749190463643976112e-16
3.816570675179814520e-01
5.243433366471275114e-01
6.427586586289331105e-01
7.185807302339585201e-01
7.958248593515462321e-01
8.713876958862928346e-01
9.373713926340250246e-01
1.004832596266720612e+00
1.054482205528581851e+00
1.110734414357388733e+00
1.166319308353336082e+00
1.216646080735583224e+00
1.262093163913542870e+00
1.306562451592972129e+00
1.353771348778604944e+00
1.387680758035905626e+00
1.435472918535832365e+00
1.478439328841068434e+00
1.515132703550388538e+00
1.548994433047109487e+00
1.601985300042210181e+00
1.638514218614056439e+00
1.674198789415259014e+00
1.707217503036061901e+00
1.726813786191891964e+00
1.770128743615355216e+00
1.801238883514922451e+00
1.837645980684105895e+00
1.863502555117394710e+00
