3.749190463643976112e-16
2.169569692342216416e-01
3.210207451412755986e-01
4.098406319192794411e-01
4.749364014557222458e-01
5.148227386390985538e-01
5.038929091072178457e-01
5.399164138025737136e-01
6.780911302462930834e-01
6.394770410931839288e-01
6.829002158824480917e-01
7.180424121037670693e-01
6.929527559675593418e-01
7.303764243266679390e-01
8.245927882841319612e-01
8.121124666713361862e-01
8.402107168024688377e-01
8.792288673394530463e-01
8.399144638809784569e-01
9.549410557517326037e-01
1.008801049836332231e+00
9.265567259714896364e-01
1.006165918467126552e+00
1.005204211029010253e+00
1.044368812768494914e+00
1.072628058741863066e+00
1.083908069871801994e+00
1.072122420736506543e+00
1.100651328646386373e+00
1.122284896119144060e+00
