3.749190463643976112e-16
4.147739050165145103e-01
5.292643953083704389e-01
5.844344073449239119e-01
6.757328033662197697e-01
7.331240900078345168e-01
7.764441391285691330e-01
8.311739062954882629e-01
8.799250216655174484e-01
9.390485320066633834e-01
1.049726256609738506e+00
1.017100294404354566e+00
1.078580076619018113e+00
1.096689613761661963e+00
1.194800573885288930e+00
1.179480693373557765e+00
1.229539900447502498e+00
1.268240137507159471e+00
1.324025445171344240e+00
1.333686118609563653e+00
1.388441897046614582e+00
1.402550477404636009e+00
1.431384439266562891e+00
1.470640645291249715e+00
1.511703983665755979e+00
1.507303341686111242e+00
1.557740048370579000e+00
1.591925775408453925e+00
1.611847306611986719e+00
1.652652378507541986e+00
