3.749190463643976112e-16
4.998532087580857541e-01
6.331716255288203365e-01
7.396229533725706684e-01
8.120137746778339771e-01
8.747879512572198646e-01
9.488652237252426236e-01
9.972579205166753891e-01
1.039102819115572451e+00
1.082177781609360290e+00
1.134905395598186484e+00
1.167280493107542005e+00
1.216055693555239792e+00
1.257383027125735131e+00
1.299174433234048687e+00
1.327776543067915149e+00
1.367670828467666411e+00
1.404755981285945143e+00
1.443308489562632690e+00
1.470938382395029276e+00
1.503331664516853738e+00
1.544024220571436734e+00
1.572187589389321127e+00
1.613930616651047867e+00
1.637169180570542615e+00
1.660490026368145910e+00
1.697932514039053320e+00
1.734225231302597425e+00
1.752820145314233580e+00
1.782348994397954689e+00
