3.749190463643976112e-16
1.701306918097110321e+00
2.012109150634172838e+00
2.215826150577085762e+00
2.384156886642061490e+00
2.505483899217548327e+00
2.699743190006499205e+00
2.860102722131728115e+00
3.000361044632294583e+00
3.128706596801589690e+00
3.316631955884268734e+00
3.373069610199206814e+00
3.551033558293226200e+00
3.601380270029976849e+00
3.732578265384050908e+00
3.852256303323921216e+00
3.954846017355902354e+00
4.063372315621944786e+00
4.202967294036832335e+00
4.249533681686295417e+00
4.434073833383762597e+00
4.452236796213211001e+00
4.577503753644544204e+00
4.720846455761693150e+00
4.782555282962969834e+00
4.875352381302010762e+00
5.007188052480318952e+00
5.019002566359643147e+00
5.081445888102432029e+00
5.209103578105861665e+00
