3.749190463643976112e-16
2.192496731963607948e-01
3.239615921447798197e-01
4.107477548008315882e-01
4.685202017597251967e-01
5.173147460958593680e-01
4.848424987595924551e-01
5.434547197039720778e-01
6.814851744045656856e-01
6.399709164191514921e-01
6.818477950525871911e-01
7.208568640457975185e-01
6.940843064545005880e-01
7.355173341753197258e-01
8.340617519110671285e-01
8.186842279662710498e-01
8.419834754839825575e-01
8.751845889052446426e-01
8.481767621839452209e-01
9.412648506068127530e-01
9.983961029949312005e-01
9.863022532198365555e-01
9.478395268086881043e-01
1.004709631195305208e+00
1.042384841665696893e+00
1.059688262016333704e+00
1.082828518250521288e+00
1.073693751242029037e+00
1.105865612245219731e+00
1.116641075749210676e+00
