3.749190463643976112e-16
2.893154372525200690e-01
2.227372605800032601e-01
4.710850509449407975e-01
4.189126112555885961e-01
5.812677685653706572e-01
5.383433913959709827e-01
4.900761700906700602e-01
6.464005257707582386e-01
6.100329209215162862e-01
5.834654634055514988e-01
7.038278302071967474e-01
6.702789238915192183e-01
6.417430996409768662e-01
7.530830654675675362e-01
7.290027178052185253e-01
8.287604005377369187e-01
8.083658586216567743e-01
7.827396728107567370e-01
8.735194674366658640e-01
8.618319508039823384e-01
9.446452838106970118e-01
9.298282829446465891e-01
8.925093190666577581e-01
9.891290624738503512e-01
9.739527507744227819e-01
1.050082899894933419e+00
1.032111259087981514e+00
1.009113926002471739e+00
1.085862115626092139e+00
