3.749190463643976112e-16
3.007829639468606597e-01
2.234311022458378981e-01
4.686497645907787279e-01
4.091903167705644440e-01
3.672936368168371879e-01
5.320375336153205792e-01
4.923951885326525724e-01
6.461225385374231855e-01
6.115734629353987151e-01
5.885845508795237713e-01
6.994673669147730699e-01
6.701847878218381016e-01
6.466167726021376794e-01
7.680120937503526202e-01
7.312278366058259094e-01
8.295027169931105115e-01
8.042371975201653145e-01
7.842388039662659960e-01
8.771963468159197364e-01
8.701471381389448423e-01
9.471546113725911598e-01
9.258960582180807419e-01
9.035388102947181643e-01
9.926101016993988946e-01
9.691306639334514861e-01
1.047346059614954195e+00
1.036304730386270467e+00
1.003167605771174475e+00
1.088260778658109995e+00
