3.749190463643976112e-16
2.585272773163114213e-01
4.330203305877191045e-01
4.811639221442564618e-01
5.612897910059678752e-01
6.858622137723753287e-01
6.785863406876991855e-01
8.224866176193791345e-01
7.372012062716548630e-01
9.028603810835573729e-01
9.172722404040339894e-01
9.721016125627821580e-01
9.781502862624711359e-01
9.870869800410422279e-01
1.133033941705612557e+00
1.091165649152136430e+00
1.191646204045457624e+00
1.191136507573255621e+00
1.317115238069600736e+00
1.288994496186948391e+00
1.311170993055269518e+00
1.313543122746876124e+00
1.429710936768097795e+00
1.373490218520579509e+00
1.500828210895186920e+00
1.483280127335620202e+00
1.402386039225644199e+00
1.516472178831615114e+00
1.500828210895186920e+00
1.663561955576995155e+00
