3.749190463643976112e-16
6.006561223726194498e-01
7.522129772708902040e-01
9.465472223943136587e-01
1.089830536949381257e+00
1.185606945435009552e+00
1.174085879630806684e+00
1.177814297777114216e+00
1.488146888732691631e+00
1.391782906258684394e+00
1.480513257548810913e+00
1.541235009271811895e+00
1.518114933684959089e+00
1.581481644833857558e+00
1.781796785790792370e+00
1.740316324201869103e+00
1.795072676356665342e+00
1.878432034271713569e+00
1.797140603571899753e+00
2.106982746463717415e+00
2.201813888320981238e+00
1.971204197324172736e+00
2.030045461052564004e+00
2.146535743630381354e+00
2.240029318216759879e+00
2.289120432596380539e+00
2.317350080796495959e+00
2.294400307189558230e+00
2.337168078610263766e+00
2.369814798538399714e+00
