3.749190463643976112e-16
1.683109048557698939e+00
2.067191025612551414e+00
2.175493625920196905e+00
2.386118804784014280e+00
2.618660714055784933e+00
2.670734196768185686e+00
2.813420751042288614e+00
2.909032688321723903e+00
3.150480992441768713e+00
3.469440585749036465e+00
3.318581185563947322e+00
3.513359274500174045e+00
3.603001899783512485e+00
3.840087026650147894e+00
3.800705648302422635e+00
3.946549707413759656e+00
4.129959625093686526e+00
4.252295885166949674e+00
4.220657728772817308e+00
4.414057614457520096e+00
4.509983937133010379e+00
4.522115523331592613e+00
4.734110756916624752e+00
4.813486661277369905e+00
4.856393988296553665e+00
4.872106551023096088e+00
5.067928147475384115e+00
5.130644647221025423e+00
5.185331650059679554e+00
