3.749190463643976112e-16
2.270561685089713955e-01
3.183905486667285012e-01
4.075764762396795748e-01
4.720114440017135204e-01
5.094826606944177216e-01
4.860895947471692291e-01
5.323904853179737273e-01
6.719398530319846685e-01
6.406462671926675956e-01
6.901603075608122584e-01
7.312532457986964385e-01
7.027202005545498675e-01
7.331841803942279467e-01
8.387034903077096315e-01
8.110851677937016557e-01
8.367592995074863982e-01
8.596311650943015970e-01
8.513401685303404465e-01
9.393578017328808594e-01
1.009482636733912031e+00
9.530788655690918265e-01
9.733079122102231695e-01
1.008357256763091181e+00
1.041225458636512169e+00
1.060138242810914511e+00
1.089928975311635240e+00
1.074534835497946927e+00
1.085668280072087377e+00
1.123719879778451336e+00
