3.749190463643976112e-16
2.079602559961629127e-01
4.522345787105264692e-01
4.613883615631669821e-01
7.128477084660017615e-01
6.788072491562050503e-01
8.798879742941864146e-01
8.707329187135833815e-01
9.208284479814841106e-01
1.015222033217028086e+00
1.056806296699992931e+00
1.081218343965923312e+00
1.145311847418266860e+00
1.127573697619803861e+00
1.254776240546669586e+00
1.353863281384910300e+00
1.379891675712297205e+00
1.338295893347013044e+00
1.455322501802873925e+00
1.385302466064864291e+00
1.483355439332941783e+00
1.603066378204105469e+00
1.542138257153121028e+00
1.686082033516334677e+00
1.713938616092684386e+00
1.652071382416441470e+00
1.716886018431040606e+00
1.767527067865996004e+00
1.748369879782953218e+00
1.855814521540998019e+00
