3.749190463643976112e-16
6.154324367589325551e-01
7.499522944199422669e-01
9.418735549075766267e-01
1.104840974529448516e+00
1.176321347824991870e+00
1.074160240034483405e+00
1.165214850120272594e+00
1.499627628418951808e+00
1.400605940268453198e+00
1.494207543277408456e+00
1.571569014830607847e+00
1.517934734536756869e+00
1.564916323923329022e+00
1.809294730353778080e+00
1.736102539578884274e+00
1.794359631009149192e+00
1.833498265119669401e+00
1.816007513927465844e+00
2.004735776349825915e+00
2.168759128968822392e+00
2.144756927276124436e+00
2.073853804608733586e+00
2.144005253338451933e+00
2.217247610453037421e+00
2.261275261397341474e+00
2.307133310882233168e+00
2.287977480532488173e+00
2.299767585961711269e+00
2.387150012424309686e+00
