3.749190463643976112e-16
2.905441236698697582e-01
2.238680206856009658e-01
4.704969679049426645e-01
4.138007973308694409e-01
5.916873036691805421e-01
5.363741401567333478e-01
4.968710326691304635e-01
6.542045974686554466e-01
6.080715806725675021e-01
5.825444650523743384e-01
6.966529662562210845e-01
6.729485869923047536e-01
6.493378901297156558e-01
7.697638282966606793e-01
7.341456071063841016e-01
8.344632287836923901e-01
8.148118794164649348e-01
7.821268987346648993e-01
8.819571128039099817e-01
8.644513403404853191e-01
9.438232058596355278e-01
8.191514686701086845e-01
9.075046341287250629e-01
9.875358848378944510e-01
1.058341015874834534e+00
1.047432822863446855e+00
1.035918855948019468e+00
1.110601306890143691e+00
1.084687694127659086e+00
