3.749190463643976112e-16
6.024278751171427970e-01
7.554108298027699675e-01
9.503204007030625622e-01
1.074255515253467186e+00
1.194973989775548251e+00
1.072009797405410580e+00
1.189223376812760913e+00
1.482946720105178917e+00
1.394765092549795193e+00
1.477395177131553217e+00
1.576263642692579348e+00
1.494474364466745531e+00
1.578638592940348806e+00
1.805916290149910397e+00
1.760754816913987053e+00
1.807218493142041860e+00
1.875521045722545743e+00
1.814735040776119357e+00
2.015739981473014808e+00
2.030106730231695966e+00
2.131615484092847179e+00
2.003356857922552692e+00
2.149758242861214086e+00
2.214740609869360277e+00
2.266071869235933178e+00
2.317953655946709990e+00
2.282569662005325739e+00
2.335539318001382814e+00
2.370089642187540591e+00
