3.749190463643976112e-16
3.470949330485017525e-01
5.168226030444522667e-01
4.650997849375996251e-01
6.139323982885273034e-01
7.044059526526116333e-01
7.812422987192615409e-01
7.089105302707678913e-01
8.952003456695245553e-01
8.337178447383026825e-01
1.000145705642956129e+00
8.787810554550631315e-01
1.061946441720740708e+00
1.036690759191081890e+00
1.065609948795485762e+00
1.050213421855745732e+00
1.194608568295693285e+00
1.242044890001323898e+00
1.225412074018206177e+00
1.192360299628414833e+00
1.297265065743858470e+00
1.351672831499100447e+00
1.326663560739634207e+00
1.396247424646608559e+00
1.458510075535319306e+00
1.418036872220085121e+00
1.562033912639360977e+00
1.442930678536073152e+00
1.555277473156487789e+00
1.552678337840756040e+00
