2.745205955753861815e+01
1.432884677371909099e+01
6.380347888382467580e+00
3.878178952930489309e+00
2.822162664116069308e+00
2.242533864921470332e+00
1.877589074805689151e+00
1.638697893133336470e+00
1.442430421089616388e+00
1.293808558343446879e+00
1.167784431677254542e+00
1.076584860158485979e+00
9.968093261445858388e-01
9.305704767805673683e-01
8.683255860897614031e-01
8.176766938673212248e-01
7.713408909185666129e-01
7.318909273484474065e-01
6.993938022332423232e-01
6.651064155768728892e-01
6.381535908698354742e-01
6.146630705308723241e-01
5.898050303380792947e-01
5.684252289367628386e-01
5.486347141850621556e-01
5.321576463489732234e-01
5.176139311450905778e-01
5.001960813165655662e-01
4.854908053865907291e-01
4.748831578958593869e-01
4.640559237574316542e-01
4.569587368853476050e-01
4.458119498565041305e-01
4.376943894119698641e-01
4.288251681630774748e-01
4.161088500774550170e-01
4.125077987897651788e-01
4.032563792837493000e-01
3.925042680921877469e-01
3.899399113500297553e-01
3.815092440990723865e-01
3.805396499553125866e-01
3.715868811710673070e-01
3.656175958421249428e-01
3.621354113177945866e-01
3.552102406322190653e-01
3.457249332049242008e-01
3.447948638924918097e-01
3.421237587940871849e-01
3.368999872660669581e-01
3.318976485994350467e-01
3.319918163256281307e-01
3.283323579063219255e-01
3.252967027074037398e-01
3.215125192977329460e-01
3.262852204298564707e-01
3.147673008701839525e-01
3.148955566713386167e-01
3.079990330665509646e-01
3.090767943836579823e-01
3.110429169118323900e-01
3.056883151167202883e-01
3.062436497475852226e-01
3.057471530904924961e-01
3.039916010313399308e-01
3.040266055581855031e-01
3.048963354201373877e-01
3.065374250007735224e-01
3.013470779637245633e-01
2.990867768696854889e-01
2.972408766806162728e-01
2.960977820940882133e-01
2.970120708111047558e-01
2.969047513144169037e-01
2.910415588189272373e-01
2.897876003032293091e-01
2.889631077591336972e-01
2.884351597461157213e-01
2.876121493710960264e-01
2.803073943878483520e-01
2.797245343159145969e-01
2.775777355990308726e-01
2.699777901873811059e-01
2.719387579996958015e-01
2.655352901812415567e-01
2.632099363565291728e-01
2.610720892239202784e-01
2.585255238428271207e-01
2.533740333465508976e-01
2.503920285175469385e-01
2.482910224078120620e-01
2.419409976186862876e-01
2.391567475415825317e-01
2.350821868881028953e-01
2.264820981303488356e-01
2.195590570047722678e-01
2.039797338894617229e-01
1.794299889339721621e-01
1.183998579849386557e-01
