2.583076003187944636e+01
1.484064052307600967e+01
6.284129335624627721e+00
3.756644447698080924e+00
2.799378137318799364e+00
2.256138632156214463e+00
1.915557805639337863e+00
1.676992899916633695e+00
1.499712014296666895e+00
1.348621171261061624e+00
1.232289794857767573e+00
1.135701503246035804e+00
1.066395024029039407e+00
9.827290123692403734e-01
9.343487699134583879e-01
8.759613434678946708e-01
8.244423651736485503e-01
7.670987516923658545e-01
7.300261506672751644e-01
6.977292029644103222e-01
6.756716506224245133e-01
6.422829106906249308e-01
6.075846207979507252e-01
5.820404629274055219e-01
5.674443819652130738e-01
5.532982580694493224e-01
5.323809646460009315e-01
5.053151334386460913e-01
4.922415215766203223e-01
4.803422895383232527e-01
4.786592953789312599e-01
4.602881490726408176e-01
4.511868191338262446e-01
4.403346492654182098e-01
4.356382077567918509e-01
4.288791870010290053e-01
4.183918998950723611e-01
4.168935501010691547e-01
4.019707645390335760e-01
3.987654388357284030e-01
3.954984887408472538e-01
3.935389562356412796e-01
3.901984111229447327e-01
3.795531881153290654e-01
3.765205142432031526e-01
3.753914848920383851e-01
3.587127965387890138e-01
3.540772084379551488e-01
3.632194356024224802e-01
3.475330199618010818e-01
3.433130964314575206e-01
3.381489462237445287e-01
3.365102303374961634e-01
3.405350660887713765e-01
3.328810010787511264e-01
3.234984691888806441e-01
3.302809274062876166e-01
3.437493643502327334e-01
3.308722550376367866e-01
3.284741743103369305e-01
3.237048946800837879e-01
3.315762602447329677e-01
3.205024466805033723e-01
3.245423731834923831e-01
3.156077603228800155e-01
3.269414184075588592e-01
3.163907504322895914e-01
3.170658789524871124e-01
3.178889349569118394e-01
3.132793774839668366e-01
3.164223689062198308e-01
3.041916447999454265e-01
3.093795474600866680e-01
3.042379986259655666e-01
2.994986834652869079e-01
2.942667371578912561e-01
2.905276283524531045e-01
2.874891477715846300e-01
2.804154449870328580e-01
2.730381485149025456e-01
2.793334628238358097e-01
2.706187077510628369e-01
2.640507297174084500e-01
2.633963909531287784e-01
2.622162635233127870e-01
2.623166740062553015e-01
2.602076775603540670e-01
2.492863636433066410e-01
2.499849000504998642e-01
2.444668274973465227e-01
2.395740002036893246e-01
2.368097242595890162e-01
2.315279143204787837e-01
2.261492333037509461e-01
2.184812978806121297e-01
2.063156342640265761e-01
1.890254320051924508e-01
1.635781337042453154e-01
1.124147609712654039e-01
