2.098168207975831534e-01
1.956649458177179002e-01
1.658028178544958542e-01
1.506719905232909162e-01
1.463250049592666469e-01
1.427746070551891011e-01
1.374752201619836856e-01
1.400295347035351856e-01
1.373542114171245887e-01
1.400443496827023238e-01
1.376131936667098210e-01
1.384011222549993980e-01
1.387522166718436756e-01
1.409346304934928906e-01
1.409404106260143952e-01
1.432817094632674593e-01
1.431011619342860142e-01
1.459507801118361536e-01
1.491482376376954688e-01
1.519148836251305035e-01
1.551175209882576234e-01
1.576561345953200466e-01
1.618707355201357279e-01
1.640813238690886633e-01
1.692701931115430380e-01
1.726839405351571488e-01
1.743271374518337857e-01
1.828922466583474127e-01
1.842354187465522486e-01
1.873543126778973722e-01
1.925876157519676168e-01
1.957031848255172402e-01
2.010082872266314435e-01
2.054142122833371997e-01
2.101258547103523888e-01
2.175266256863692960e-01
2.207214341420969395e-01
2.277883893180127073e-01
2.308716830975164336e-01
2.382024258873036981e-01
2.475972936551376624e-01
2.506862919210645080e-01
2.560750295903278517e-01
2.636760465608917192e-01
2.665983153565717467e-01
2.798977128783842749e-01
2.839622198596247760e-01
2.930036155372858220e-01
2.989402902648704563e-01
3.099783378867902450e-01
3.193349204535173569e-01
3.303868759033332103e-01
3.465218333828518626e-01
3.517710518821261512e-01
3.642595617073908221e-01
3.735149698880180780e-01
3.902266158350782832e-01
3.984405504065166026e-01
4.161893065399558944e-01
4.293880831352695493e-01
4.475007233106624294e-01
4.641814711875834054e-01
4.837398972847553047e-01
5.036389559356477807e-01
5.228654276269778522e-01
5.508473472353263567e-01
5.726627149436372965e-01
6.015123335979284391e-01
6.284223318739615705e-01
6.578746655029535928e-01
6.897801741689658650e-01
7.285844296181910318e-01
7.617467797452475153e-01
8.036119786685563815e-01
8.438276774686339632e-01
8.926295371192561889e-01
9.483378023923677569e-01
1.001719677006607245e+00
1.063214127961485067e+00
1.132973282566875906e+00
1.206758374890841479e+00
1.291793982784089856e+00
1.389084294421428112e+00
1.494984852796402697e+00
1.624449624222281452e+00
1.763537254480322058e+00
1.924644162845692286e+00
2.112623181571179121e+00
2.343585639033990198e+00
2.606879492905146201e+00
2.949249795169288202e+00
3.344757784268665990e+00
3.878008541573386481e+00
4.543195203507319313e+00
5.415680281044886968e+00
6.575979139302702947e+00
8.162230176841289264e+00
1.008666115303314470e+01
8.673928133706663601e+00
