2.059076737251463451e-01
1.965579793620857163e-01
1.633301845097170357e-01
1.499493846533152819e-01
1.459459474939911461e-01
1.429349560774234862e-01
1.394779546127108694e-01
1.401065210512872916e-01
1.382751510302847597e-01
1.366366204366066261e-01
1.391928609285569274e-01
1.370460396222429877e-01
1.410307078340828635e-01
1.405198565307580749e-01
1.418189766063259194e-01
1.447814395876076410e-01
1.455299186656079657e-01
1.492938658349024783e-01
1.479509358545124387e-01
1.514930715496496660e-01
1.544379611370097494e-01
1.597772352958872211e-01
1.634183347358451333e-01
1.633693138970254699e-01
1.689993528610810591e-01
1.720164540960578414e-01
1.753118132834503295e-01
1.794033856174092056e-01
1.844937903787164102e-01
1.877396970302259716e-01
1.932573926310406642e-01
1.970537669768632483e-01
2.031369940007145547e-01
2.092021472651610647e-01
2.120539306953745651e-01
2.189785287176005957e-01
2.217427899689283777e-01
2.280443058121757183e-01
2.336871742478545955e-01
2.393390852209271169e-01
2.472561004810869545e-01
2.502796025947499614e-01
2.569652461805875809e-01
2.628758820958916331e-01
2.706871765540527219e-01
2.789371394175906849e-01
2.867490864780843918e-01
2.939538150834741237e-01
3.038730142916730714e-01
3.158748148832298819e-01
3.240922350543521957e-01
3.356302826466478484e-01
3.428615606584194953e-01
3.516447559191185901e-01
3.668622220727331684e-01
3.800358272741657939e-01
3.889992515632852976e-01
4.052031429388930905e-01
4.195865442839152859e-01
4.303834019835648950e-01
4.559810324518068780e-01
4.711315609433618934e-01
4.882882860359902266e-01
5.090595277957137288e-01
5.269157378810627179e-01
5.518622397915816657e-01
5.794727209647959620e-01
6.050822750020988794e-01
6.338855134613611275e-01
6.619736155554497570e-01
6.909564079879727538e-01
7.263217133198696107e-01
7.593368591207011464e-01
8.051657034209711572e-01
8.498118363844683332e-01
8.916381209008936715e-01
9.453790651692401958e-01
1.002861025771097703e+00
1.057694324899410843e+00
1.123116471641069980e+00
1.204332889909072390e+00
1.291423952014310927e+00
1.388285232564426375e+00
1.482220488016204429e+00
1.604498604234048775e+00
1.745004880288999916e+00
1.904428579068129013e+00
2.093721489858579421e+00
2.309937342045336184e+00
2.577863165514636901e+00
2.909504181370476505e+00
3.303122818328578347e+00
3.803762543856827438e+00
4.432447682250474585e+00
5.292568957648007277e+00
6.430388106540374515e+00
7.965970085073110774e+00
9.917108971903413561e+00
9.755164315521650309e+00
