1.780382881581346055e-01
1.807059179526988579e-01
1.463392347118915304e-01
1.380596604938071070e-01
1.397724914606131019e-01
1.359185455252803765e-01
1.374656883830054910e-01
1.424544645312522395e-01
1.376362079315541498e-01
1.372149576227013890e-01
1.418849817788652989e-01
1.354112857653071711e-01
1.394921210808478529e-01
1.400254451226842500e-01
1.399734018751063735e-01
1.448672026544012559e-01
1.458966981511093663e-01
1.483068244273209324e-01
1.540343383940694366e-01
1.556931763705237670e-01
1.566151381554658772e-01
1.641562757387797222e-01
1.656231752730429052e-01
1.711169160606475503e-01
1.678807999686461327e-01
1.687980681538256700e-01
1.760464650594854019e-01
1.764525641109294940e-01
1.835788826336464952e-01
1.845245901122344323e-01
1.927251548595749209e-01
1.981072419141921281e-01
1.958392022734951332e-01
2.045404622044841858e-01
2.131535380093997345e-01
2.089278570380551647e-01
2.248976014354720498e-01
2.253281658576569424e-01
2.324873810833848753e-01
2.437073348214158219e-01
2.468672612124474253e-01
2.542645957233156673e-01
2.628462488885133785e-01
2.733663250300353842e-01
2.780399814861787555e-01
2.894404328052093134e-01
2.968260475426015010e-01
3.141999308943753122e-01
3.167226209750621524e-01
3.359454570717476662e-01
3.477718070502994752e-01
3.576518391009346765e-01
3.709979847893711824e-01
3.821062236543655288e-01
4.006607113855488178e-01
4.108926216465173531e-01
4.343418420813414671e-01
4.424303460175604830e-01
4.575696888392496442e-01
4.859411404988802086e-01
4.913384944490050699e-01
5.179224420742607471e-01
5.417461179071685340e-01
5.735658496264871564e-01
5.859768502807813917e-01
6.059540142119185235e-01
6.387481052236864132e-01
6.608471001781582865e-01
6.856506388376544248e-01
7.067976198170051738e-01
7.455835752058002086e-01
7.854045479962687981e-01
8.233065093486641173e-01
8.505838324604044764e-01
8.791066438224419688e-01
9.336402178846294753e-01
9.853090247417852776e-01
1.045980134901261627e+00
1.095554683118105999e+00
1.159559537833143583e+00
1.239986491842307137e+00
1.302340790211305555e+00
1.392974710655795478e+00
1.501296682871275712e+00
1.618755454754374101e+00
1.779097636618714118e+00
1.925660757649810151e+00
2.117916847834472094e+00
2.335494599502815127e+00
2.608144848397015547e+00
2.902141168271135552e+00
3.302253783909243623e+00
3.787939211212692836e+00
4.391897505100883947e+00
5.188035579047745927e+00
6.200170833905184864e+00
7.571496372997653879e+00
9.301875570380198965e+00
9.591500041740552263e+00
