2.769752804151383430e+01
1.398409990424315730e+01
6.467125241171884475e+00
3.903265427351841677e+00
2.812209785757959324e+00
2.235207073059343408e+00
1.872600215404270463e+00
1.620166460412896026e+00
1.425131895702978602e+00
1.282133852139264008e+00
1.175605574178950175e+00
1.073337663582126345e+00
9.896735496453109571e-01
9.228037528350579999e-01
8.590496012334649656e-01
8.132549969927180822e-01
7.715870716172896771e-01
7.251130934536430539e-01
6.920289677428114183e-01
6.639362366726063724e-01
6.300036670904414215e-01
6.078693003704671582e-01
5.836853638523883392e-01
5.676143360167928975e-01
5.518792142167086023e-01
5.302576193588296460e-01
5.113156116427701736e-01
4.978110443758150261e-01
4.876668856326701884e-01
4.760293811057674240e-01
4.632589264189335143e-01
4.532147389939940041e-01
4.395711175042049113e-01
4.331382784089424232e-01
4.273775688998965316e-01
4.150969196645566406e-01
4.112578648232311229e-01
4.002245705797580211e-01
3.962852443112437895e-01
3.913580381464956126e-01
3.816061441098882456e-01
3.773894291395784584e-01
3.707802146437162438e-01
3.650964559556701405e-01
3.568208833040014683e-01
3.507329314911982743e-01
3.501336516140471367e-01
3.454202163900895184e-01
3.420815819153066872e-01
3.383868624708362138e-01
3.373816794885703407e-01
3.321024790572517094e-01
3.282452450839546398e-01
3.273245438850220790e-01
3.225268914198691217e-01
3.143852482522221936e-01
3.141500241278076255e-01
3.115868505898133911e-01
3.122250094992011227e-01
3.080114145820573301e-01
3.073619547477097202e-01
3.071474256707219519e-01
3.076373037048720782e-01
3.084127533985161485e-01
3.049110755988994059e-01
3.018945630362945831e-01
3.032088990617753943e-01
3.021560320977574321e-01
3.027384600357938549e-01
3.011556540013859418e-01
3.019047646004742735e-01
2.938955079817707761e-01
2.950679486323882217e-01
2.958572088322456994e-01
2.935902752797639459e-01
2.911934415363558459e-01
2.928306910637649696e-01
2.849057862805903230e-01
2.882512136453745377e-01
2.856350506782240894e-01
2.843129008355340659e-01
2.790034093155226991e-01
2.775287917745665189e-01
2.758994136500599881e-01
2.676312528728829743e-01
2.667105736525493542e-01
2.644158807367487096e-01
2.614015787564739068e-01
2.567990030413506153e-01
2.531332592371871026e-01
2.513042307100356587e-01
2.441918686611259937e-01
2.433940752397814322e-01
2.365942789153996917e-01
2.279466056325989975e-01
2.159775204497847156e-01
2.021448102686745352e-01
1.775499792572843016e-01
1.007305567630956550e-01
