5.050322022100891747e-03
1.515096606630267524e-02
2.525161011050446047e-02
3.535225415470624050e-02
4.545289819890802746e-02
5.555354224310980749e-02
6.565418628731159445e-02
7.575483033151336754e-02
8.585547437571516838e-02
9.595611841991694146e-02
1.060567624641187284e-01
1.161574065083205154e-01
1.262580505525222885e-01
1.363586945967240616e-01
1.464593386409258624e-01
1.565599826851276632e-01
1.666606267293294086e-01
1.767612707735312094e-01
1.868619148177330103e-01
1.969625588619347833e-01
2.070632029061365564e-01
2.171638469503383573e-01
2.272644909945401304e-01
2.373651350387419035e-01
2.474657790829437043e-01
2.575664231271455051e-01
2.676670671713472505e-01
2.777677112155490513e-01
2.878683552597508521e-01
2.979689993039525975e-01
3.080696433481543983e-01
3.181702873923561992e-01
3.282709314365579445e-01
3.383715754807597453e-01
3.484722195249615462e-01
3.585728635691632915e-01
3.686735076133650924e-01
3.787741516575668932e-01
3.888747957017686385e-01
3.989754397459704949e-01
4.090760837901722402e-01
4.191767278343739855e-01
4.292773718785758419e-01
4.393780159227775872e-01
4.494786599669793326e-01
4.595793040111811889e-01
4.696799480553829342e-01
4.797805920995846796e-01
4.898812361437865359e-01
4.999818801879882812e-01
5.100825242321900266e-01
5.201831682763918829e-01
5.302838123205936283e-01
5.403844563647954846e-01
5.504851004089972299e-01
5.605857444531989753e-01
5.706863884974007206e-01
5.807870325416025770e-01
5.908876765858043223e-01
6.009883206300061786e-01
6.110889646742079240e-01
6.211896087184096693e-01
6.312902527626114146e-01
6.413908968068132710e-01
6.514915408510150163e-01
6.615921848952168727e-01
6.716928289394186180e-01
6.817934729836203633e-01
6.918941170278221087e-01
7.019947610720239650e-01
7.120954051162257104e-01
7.221960491604275667e-01
7.322966932046293120e-01
7.423973372488310574e-01
7.524979812930328027e-01
7.625986253372346590e-01
7.726992693814364044e-01
7.827999134256382607e-01
7.929005574698400061e-01
8.030012015140417514e-01
8.131018455582436077e-01
8.232024896024453531e-01
8.333031336466472094e-01
8.434037776908489548e-01
8.535044217350507001e-01
8.636050657792524454e-01
8.737057098234543018e-01
8.838063538676560471e-01
8.939069979118579035e-01
9.040076419560596488e-01
9.141082860002613941e-01
9.242089300444631395e-01
9.343095740886649958e-01
9.444102181328667411e-01
9.545108621770685975e-01
9.646115062212703428e-01
9.747121502654720882e-01
9.848127943096738335e-01
9.949134383538756898e-01
