5.044203213971070604e-03
1.513260964191321181e-02
2.522101606985535302e-02
3.530942249779749076e-02
4.539782892573963891e-02
5.548623535368177317e-02
6.557464178162392132e-02
7.566304820956605559e-02
8.575145463750820374e-02
9.583986106545033801e-02
1.059282674933924862e-01
1.160166739213346204e-01
1.261050803492767547e-01
1.361934867772189028e-01
1.462818932051610510e-01
1.563702996331031714e-01
1.664587060610453473e-01
1.765471124889874677e-01
1.866355189169296158e-01
1.967239253448717640e-01
2.068123317728138844e-01
2.169007382007560325e-01
2.269891446286981807e-01
2.370775510566403010e-01
2.471659574845824492e-01
2.572543639125245973e-01
2.673427703404667177e-01
2.774311767684088936e-01
2.875195831963510140e-01
2.976079896242931344e-01
3.076963960522353103e-01
3.177848024801774862e-01
3.278732089081195511e-01
3.379616153360617270e-01
3.480500217640039029e-01
3.581384281919460233e-01
3.682268346198881437e-01
3.783152410478303196e-01
3.884036474757724400e-01
3.984920539037145604e-01
4.085804603316567363e-01
4.186688667595988567e-01
4.287572731875409771e-01
4.388456796154831530e-01
4.489340860434252733e-01
4.590224924713673937e-01
4.691108988993095696e-01
4.791993053272517455e-01
4.892877117551938104e-01
4.993761181831359863e-01
5.094645246110780512e-01
5.195529310390203381e-01
5.296413374669624030e-01
5.397297438949044679e-01
5.498181503228467548e-01
5.599065567507888197e-01
5.699949631787308846e-01
5.800833696066731715e-01
5.901717760346152364e-01
6.002601824625574123e-01
6.103485888904995882e-01
6.204369953184416531e-01
6.305254017463838290e-01
6.406138081743260049e-01
6.507022146022680698e-01
6.607906210302102457e-01
6.708790274581524216e-01
6.809674338860944864e-01
6.910558403140366623e-01
7.011442467419788382e-01
7.112326531699209031e-01
7.213210595978631900e-01
7.314094660258052549e-01
7.414978724537473198e-01
7.515862788816896067e-01
7.616746853096316716e-01
7.717630917375737365e-01
7.818514981655160234e-01
7.919399045934580883e-01
8.020283110214001532e-01
8.121167174493424401e-01
8.222051238772845050e-01
8.322935303052265699e-01
8.423819367331688568e-01
8.524703431611109217e-01
8.625587495890529866e-01
8.726471560169952735e-01
8.827355624449373384e-01
8.928239688728794032e-01
9.029123753008216902e-01
9.130007817287637550e-01
9.230891881567059309e-01
9.331775945846481068e-01
9.432660010125901717e-01
9.533544074405323476e-01
9.634428138684745235e-01
9.735312202964165884e-01
9.836196267243587643e-01
9.937080331523009402e-01
