5.045198129885124227e-03
1.513559438965537268e-02
2.522599064942562114e-02
3.531638690919586959e-02
4.540678316896611805e-02
5.549717942873636650e-02
6.558757568850662190e-02
7.567797194827685647e-02
8.576836820804711881e-02
9.585876446781735338e-02
1.059491607275876157e-01
1.160395569873578503e-01
1.261299532471281126e-01
1.362203495068983750e-01
1.463107457666685818e-01
1.564011420264388441e-01
1.664915382862091064e-01
1.765819345459793688e-01
1.866723308057495756e-01
1.967627270655198379e-01
2.068531233252901003e-01
2.169435195850603626e-01
2.270339158448305694e-01
2.371243121046008318e-01
2.472147083643710941e-01
2.573051046241413564e-01
2.673955008839116188e-01
2.774858971436818256e-01
2.875762934034520879e-01
2.976666896632222947e-01
3.077570859229925571e-01
3.178474821827628194e-01
3.279378784425330817e-01
3.380282747023033441e-01
3.481186709620736064e-01
3.582090672218438132e-01
3.682994634816140755e-01
3.783898597413842824e-01
3.884802560011545447e-01
3.985706522609248070e-01
4.086610485206950694e-01
4.187514447804653317e-01
4.288418410402355940e-01
4.389322373000058009e-01
4.490226335597760632e-01
4.591130298195462700e-01
4.692034260793165323e-01
4.792938223390867947e-01
4.893842185988570570e-01
4.994746148586273193e-01
5.095650111183975817e-01
5.196554073781678440e-01
5.297458036379381063e-01
5.398361998977082576e-01
5.499265961574785200e-01
5.600169924172487823e-01
5.701073886770190446e-01
5.801977849367893070e-01
5.902881811965595693e-01
6.003785774563297206e-01
6.104689737160999830e-01
6.205593699758702453e-01
6.306497662356405076e-01
6.407401624954107699e-01
6.508305587551810323e-01
6.609209550149512946e-01
6.710113512747215569e-01
6.811017475344918193e-01
6.911921437942620816e-01
7.012825400540322329e-01
7.113729363138024953e-01
7.214633325735727576e-01
7.315537288333430199e-01
7.416441250931132823e-01
7.517345213528835446e-01
7.618249176126536959e-01
7.719153138724239582e-01
7.820057101321942206e-01
7.920961063919644829e-01
8.021865026517347452e-01
8.122768989115050076e-01
8.223672951712752699e-01
8.324576914310455322e-01
8.425480876908157946e-01
8.526384839505860569e-01
8.627288802103562082e-01
8.728192764701264705e-01
8.829096727298967329e-01
8.930000689896669952e-01
9.030904652494372575e-01
9.131808615092075199e-01
9.232712577689776712e-01
9.333616540287479335e-01
9.434520502885181958e-01
9.535424465482884582e-01
9.636328428080587205e-01
9.737232390678289828e-01
9.838136353275992452e-01
9.939040315873695075e-01
