7.305456479332005093e-02
4.621605434400191670e-01
6.963369348518070323e-01
8.907558890128964846e-01
1.018970734982568516e+00
1.109974971258825605e+00
1.034879865658381526e+00
1.143317502388295326e+00
1.413919360479477971e+00
1.347782821045536927e+00
1.436320167755070765e+00
1.525697001600172742e+00
1.511188440877844874e+00
1.566070830265021030e+00
1.765685646392709751e+00
1.717818885781857485e+00
1.776584605532353978e+00
1.880826352960865977e+00
1.858860991085380165e+00
2.015104805712967906e+00
2.073843013127107060e+00
2.031357184704134067e+00
2.095274724604540673e+00
2.145331764337595981e+00
2.235665071112098889e+00
2.265889839297221098e+00
2.327727390718952183e+00
2.287411823899214269e+00
2.357158593707603167e+00
2.362790722652765574e+00
