9.088426141599903474e-02
4.611341369344770236e-01
6.775392039569854141e-01
8.612370464489396138e-01
9.979460997218205787e-01
1.115898148462428185e+00
1.050278701561856876e+00
1.156172885042627829e+00
1.428326590438934840e+00
1.366909141774854897e+00
1.452448006391727997e+00
1.537835554342211974e+00
1.491283731908942034e+00
1.571087483107560301e+00
1.775645717221025155e+00
1.732019760921492457e+00
1.798146216549169951e+00
1.866314959645413607e+00
1.826735938240748869e+00
2.002938974426790253e+00
2.067054580416414211e+00
2.032873549823356996e+00
2.089157487690271431e+00
2.147582078763978330e+00
2.212298147572691498e+00
2.269334011293751896e+00
2.323881317263853941e+00
2.292451350677635169e+00
2.343285512169510643e+00
2.393370181482241676e+00
