1.000000000000000000e+00
3.566202495223175228e-01
5.471503612363747271e-01
7.281390199759452120e-01
8.310843346489538153e-01
9.221143088767326246e-01
8.169512875386466533e-01
9.223511005893899606e-01
1.214344868147082979e+00
1.104785520051254855e+00
1.185828446122021429e+00
1.262561093907381915e+00
1.162911165348416764e+00
1.246660736014933990e+00
1.455052689450804460e+00
1.389484258253750104e+00
1.462505579977491532e+00
1.500052551972046455e+00
1.448403970642962335e+00
1.631627267191839703e+00
1.686605967196033840e+00
1.630964770749394388e+00
1.673004304730554503e+00
1.723345475468864629e+00
1.785905957258110632e+00
1.828517204701590959e+00
1.873686980475677055e+00
1.824083780251352760e+00
1.871705772954804337e+00
1.927624649079910935e+00
