2.691517003370411110e-01
5.352713300488426418e-01
7.058379664949469001e-01
8.388453830592644822e-01
9.553438410213581644e-01
1.062813992926331608e+00
1.155672774949718207e+00
1.246539601005853815e+00
1.322214826585991210e+00
1.400404653403015898e+00
1.475643834294197321e+00
1.547833419254739384e+00
1.611066807006508617e+00
1.678818007039262428e+00
1.744491206715661713e+00
1.800170888741488673e+00
1.856024187876762932e+00
1.913916608094345717e+00
1.968088491809271368e+00
2.018332193735254521e+00
2.072759118545155932e+00
2.120843595165056161e+00
2.171248132501715222e+00
2.220968117936969577e+00
2.265391902084841202e+00
2.311923275887996176e+00
2.357886080896863135e+00
2.401794849951878863e+00
2.447097645550739387e+00
2.490985953951014409e+00
