1.000000000000000056e-01
5.793103448275862544e-01
1.058620689655172420e+00
1.537931034482758808e+00
2.017241379310344751e+00
2.496551724137931139e+00
2.975862068965517526e+00
3.455172413793103470e+00
3.934482758620689857e+00
4.413793103448275801e+00
4.893103448275861744e+00
5.372413793103447688e+00
5.851724137931034520e+00
6.331034482758620463e+00
6.810344827586206407e+00
7.289655172413793238e+00
7.768965517241379182e+00
8.248275862068965125e+00
8.727586206896551957e+00
9.206896551724137012e+00
9.686206896551723844e+00
1.016551724137931068e+01
1.064482758620689573e+01
1.112413793103448256e+01
1.160344827586206939e+01
1.208275862068965445e+01
1.256206896551724128e+01
1.304137931034482811e+01
1.352068965517241317e+01
1.400000000000000000e+01
