1.000000000000000056e-01
3.724137931034482429e-01
6.448275862068965081e-01
9.172413793103447732e-01
1.189655172413793149e+00
1.462068965517241415e+00
1.734482758620689680e+00
2.006896551724137723e+00
2.279310344827586210e+00
2.551724137931034253e+00
2.824137931034482740e+00
3.096551724137931227e+00
3.368965517241379271e+00
3.641379310344827314e+00
3.913793103448275801e+00
4.186206896551723844e+00
4.458620689655171887e+00
4.731034482758619930e+00
5.003448275862067973e+00
5.275862068965516904e+00
5.548275862068964948e+00
5.820689655172412991e+00
6.093103448275861922e+00
6.365517241379309965e+00
6.637931034482758008e+00
6.910344827586206051e+00
7.182758620689654094e+00
7.455172413793103026e+00
7.727586206896551069e+00
8.000000000000000000e+00
