8.726929175014160045e-02
1.924001436201864257e-01
5.151504199739428413e-01
9.199872365020951293e-01
7.525507116096142868e-01
7.476659452706284625e-01
9.346780910689967969e-01
9.018049982301531431e-01
9.220598037541122283e-01
1.058766346944354453e+00
1.184173024344622460e+00
1.227030766082939817e+00
1.394968149141019298e+00
1.304129611781116083e+00
1.460909844662034773e+00
1.494505289839862083e+00
1.554678827473072067e+00
1.566270881826278050e+00
1.554637434576191080e+00
1.462102243075735553e+00
1.825536446227441711e+00
1.749876902160299785e+00
1.674509403952041398e+00
1.814602054825550370e+00
1.833942950996749088e+00
1.794591477993761508e+00
2.042485259215950144e+00
2.070882110889418648e+00
1.926770403274438381e+00
1.933907435214329062e+00
