3.749190463643976112e-16
9.822931873604219266e-01
1.138130247583984733e+00
1.274085414194801924e+00
1.391730315673208818e+00
1.420277883594172064e+00
1.610261015241523985e+00
1.717720055049521299e+00
1.815683935360639101e+00
1.883164191901472329e+00
2.037828963012263905e+00
2.048146528177973824e+00
2.192860906727433612e+00
2.214432520097944224e+00
2.335577181362723298e+00
2.412848551084397997e+00
2.472496132454880424e+00
2.533157012340689462e+00
2.679273983338263054e+00
2.643729867121576316e+00
2.747752090382975965e+00
2.747440853659682602e+00
2.847463861843763322e+00
2.912925660960429930e+00
2.947583778425270751e+00
3.000507992430224480e+00
3.091713512048320123e+00
3.072642425463310456e+00
3.142884693615084934e+00
3.257457652011914728e+00
