2.665844322162290170e-01
6.686738555087095026e-01
9.062938976613345021e-01
1.089790007100043034e+00
1.241131354995210101e+00
1.393359015124320699e+00
1.519792361276455450e+00
1.634039276491174864e+00
1.748760830174859171e+00
1.847870988183385688e+00
1.942715590312806828e+00
2.039471433226629493e+00
2.126166194662149067e+00
2.198386809032588207e+00
2.295795435491818637e+00
2.363078003366297697e+00
2.456899525472999724e+00
2.524228335926728573e+00
2.603228985374300475e+00
2.672545832800587995e+00
2.742182733572418485e+00
2.799722252484916130e+00
2.868698167496125606e+00
2.934767948022000805e+00
3.000331125807654153e+00
3.053524139178673380e+00
3.110014935558659044e+00
3.179344872040601455e+00
3.239035577728849535e+00
3.282903380318096698e+00
