3.749190463643976112e-16
2.944945857923117472e-01
3.494919676524148588e-01
3.378449953878822631e-01
4.497093896619469011e-01
3.948413177947671104e-01
6.285556545896879843e-01
5.683755335551674559e-01
5.809413240003405976e-01
6.694946379973262252e-01
7.830461700868727171e-01
7.442917355404833346e-01
8.623408130907789237e-01
8.875924803772655691e-01
9.192592247183577481e-01
9.832589663848491091e-01
9.861082411665004210e-01
9.522306894021230761e-01
1.106246133078510496e+00
1.004287618188739017e+00
1.077806764792361705e+00
1.056368262470016806e+00
1.117829077861961062e+00
1.193994805498965528e+00
1.182064774759828518e+00
1.163664503196652600e+00
1.227379467324402507e+00
1.243346977481992743e+00
1.282520837623975396e+00
1.248467235259934416e+00
