3.749190463643976112e-16
3.515356926643337654e-01
4.035349837313047527e-01
4.591867149915281332e-01
5.090698635848517339e-01
4.856449839853791417e-01
6.028781464013066582e-01
6.451402717926444375e-01
6.901557478881732433e-01
7.193212172143932381e-01
8.066801576491061665e-01
7.937656481676702569e-01
8.698980980759830617e-01
8.616305254572359518e-01
9.291956548296059770e-01
9.577701007600725180e-01
9.869559478825470356e-01
1.013219202747465575e+00
1.081431493809916988e+00
1.058910662154385784e+00
1.119015701111037542e+00
1.113311641436467214e+00
1.170778244417762126e+00
1.179769957525326873e+00
1.190976798362253675e+00
1.209707872896730763e+00
1.256960445624518252e+00
1.237892425403799734e+00
1.271491851948484797e+00
1.316712332311808842e+00
