8.547791297615434103e-02
7.490979459141930974e-01
8.172640026219095688e-01
9.193770636676070751e-01
9.990004701250304597e-01
9.223094711475394725e-01
1.157543100290302274e+00
1.225774295856207230e+00
1.296914871301413807e+00
1.358327044051814925e+00
1.534750715479717531e+00
1.481572058713299889e+00
1.644088207676645208e+00
1.593284335169648402e+00
1.744810584301343725e+00
1.787515232952160416e+00
1.838750164005946930e+00
1.884502357887232193e+00
2.013021186763261472e+00
1.972856008939173345e+00
2.098072773299913596e+00
2.060341235144061756e+00
2.177527219677812820e+00
2.142669031398056756e+00
2.184706154763124353e+00
2.223149429574775571e+00
2.333074713969573555e+00
2.301659152571533973e+00
2.335010365467204974e+00
2.437468526211953090e+00
