8.551528024494199631e-02
7.462470396981616405e-01
8.167992777661822190e-01
9.187296345878768200e-01
9.975061149059927246e-01
9.249373896735149092e-01
1.154284548716620451e+00
1.225444658087649463e+00
1.296042891285660303e+00
1.358828086989513739e+00
1.534783338715700829e+00
1.476307285548345227e+00
1.644587931843872974e+00
1.595888411102339699e+00
1.742388565368467646e+00
1.788808306379817026e+00
1.840287676627368141e+00
1.884847404709234064e+00
2.009983873658240050e+00
1.970409608213260277e+00
2.097118665940241211e+00
2.058567012003371666e+00
2.176221742479354848e+00
2.140619304706870896e+00
2.178661000731433095e+00
2.224150928157112794e+00
2.329116064635452510e+00
2.296574784341559372e+00
2.333288441374682609e+00
2.436324717522792671e+00
