4.785885671138181974e-02
4.532005106531388772e-01
3.554743936648313007e-01
3.742996863207164737e-01
3.337407086258466493e-01
3.921010438499438755e-01
5.348531326234531313e-01
5.416165195863708037e-01
5.415857932688330489e-01
5.614372408234111766e-01
5.843280293174210049e-01
7.331699518632679435e-01
7.496169205485078146e-01
6.630600232515040382e-01
6.737544117889406881e-01
8.599614420473900012e-01
8.342494575382717326e-01
8.379860811778645502e-01
8.193029714264024044e-01
8.023463860265268588e-01
1.006278533874758185e+00
9.313526998390651013e-01
8.497539133286765578e-01
8.895545808291899226e-01
9.565427218236836060e-01
8.954651826140517246e-01
1.000864860100387332e+00
1.051374635562954296e+00
9.613114319785606154e-01
8.201567822002000518e-01
