3.749190463643976112e-16
2.487408029154558609e+00
2.969375199084231198e+00
3.212338291993101169e+00
3.414818856676689052e+00
3.558081118588968916e+00
3.713833704965170401e+00
3.817028105436565344e+00
4.025107244525030659e+00
4.077875450123465306e+00
4.185139251327282039e+00
4.322876424123335504e+00
4.414064838178836325e+00
4.564382541959726147e+00
4.741966526157237460e+00
4.788811880607785731e+00
4.907240460240172020e+00
5.039706815011871122e+00
5.148447749743644941e+00
5.209099505916309880e+00
5.209152692180966326e+00
5.209120260855783613e+00
5.209116785218609103e+00
5.209150287204929342e+00
5.209122137560931343e+00
5.236868776122375557e+00
5.359937048541373983e+00
5.498641268267725479e+00
5.541873303080381064e+00
5.614202233224398597e+00
