3.749190463643976112e-16
1.189656648803319117e+00
1.565470465672738065e+00
1.855732480156329078e+00
2.072905391403138342e+00
2.256845327764304354e+00
2.471709609212417558e+00
2.653120593417110040e+00
2.835196037019413584e+00
2.973412017998497969e+00
3.101216613957674451e+00
3.298504940336442370e+00
3.422239919385705154e+00
3.532451166451612945e+00
3.665670790253998668e+00
3.775213401691190018e+00
3.901513816504540433e+00
4.026108482642138497e+00
4.147500821551226124e+00
4.231842466072690989e+00
4.327963555416772579e+00
4.436417523467003576e+00
4.585010321333341743e+00
4.673495170468617843e+00
4.756166897656899373e+00
4.807446985700616793e+00
4.946843448129635057e+00
5.002401689680478825e+00
5.132688038076361536e+00
5.187253500101149939e+00
