3.749190463643976112e-16
5.273364015140418193e-01
3.430511236596840985e-01
4.285922314498487595e-01
6.225808479824694874e-01
7.996389735459867865e-01
8.381615115989003995e-01
8.917629581024756336e-01
8.847712843363798596e-01
8.807004004410491360e-01
1.101268078224872715e+00
9.605469767566896522e-01
1.038623225063848965e+00
1.055142843570799238e+00
1.268498460916239967e+00
1.155416275872571230e+00
1.238259110691446674e+00
1.319206756830384242e+00
1.391875836981251613e+00
1.393131596476745671e+00
1.307803402103528301e+00
1.490396546659350951e+00
1.493753727252076224e+00
1.425405566205965480e+00
1.415984645727895064e+00
1.574464943398660610e+00
1.639640197245268105e+00
1.665063939990348185e+00
1.525236980024035960e+00
1.577763291242096244e+00
